764
931
160
169
506
296
943
958
902
701
785
322
301
835
310
990
585
949
958
463
639
825
831
659
598
735
384
959
824
970
374
665
526
125
774
274
178
898
102
637
491
687
151
824
188
757
133
923
851
946
709
799
850
914
947
767
661
587
415
707
882
514
583
283
445
766
184
658
180
584
177
253
624
872
905
622
475
368
508
150
641
295
174
767
805
674
405
187
556
675
349
155
398
566
270
608
854
357
836
780
533
715
488
681
331
185
603
379
496
401
372
323
766
617
595
956
560
769
605
361
876
833
528
606
171
613
307
577
665
694
352
653
184
610
270
163
225
681
561
231
942
692
980
502
335
534
666
774
424
998
718
803
781
587
198
197
641
564
640
655
926
849
238
428
729
882
719
733
210
259
659
399
754
632
333
599
805
904
321
527
556
482
949
415
795
399
757
550
645
159
450
844
544
738
772
238
545
603
592
124
249
753
805
970
670
687
179
217
661
502
330
750
936
268
237
854
457
532
174
189
781
869
495
281
389
502
812
450
714
812
445
952
480
899
343
849
309
686
249
566
222
872
363
228
100
986
599
716
605
911
474
425
880
723
911
802
611
411
676
740
470
962
689
769
293
975
469
323
271
680
523
552
831
734
650
179
597
650
786
381
765
514
407
502
391
253
182
563
410
139
682
809
621
489
776
995
365
430
299
840
436
255
574
124
619
349
258
515
246
652
963
437
818
978
391
492
500
294
174
843
940
717
320
224
193
193
455
678
799
285
185
617
501
139
690
926
855
787
170
867
227
777
889
184
887
216
897
133
422
387
898
620
731
145
493
861
688
229
890
982
521
907
535
693
281
858
182
542
715
666
624
751
929
389
605
242
737
295
612
738
557
192
476
148
997
588
569
217
966
401
324
490
985
760
629
573
817
806
815
776
254
593
363
783
915
192
595
738
845
683
330
153
525
552
576
781
856
580
519
176
797
599
150
548
876
356
503
816
311
799
320
312
166
956
487
544
597
365
850
590
741
716
214
209
715
860
583
137
740
315
561
624
975
897
863
774
782
739
613
563
685
842
346
354
213
747
268
990
287
381
694
356
573
826
771
747
514
552
665
506
919
295
330
464
815
215
428
550
811
753
916
104
847
511
476
998
424
162
673
656
410
231
572
357
475
826
911
226
107
363
905
518
251
106
578
733
473
407
580
678
622
179
946
138
315
298
279
200
546
898
292
166
333
792
408
566
377
275
185
898
544
346
731
174
761
919
821
733
450
483
552
531
760
752
752
230
799
738
806
643
669
165
124
741
900
460
897
377
508
248
869
392
183
293
828
410
205
550
235
591
817
619
603
461
949
659
714
703
798
544
638
928
899
301
825
848
756
355
143
143
692
423
194
784
560
691
688
922
527
356
648
440
282
213
954
800
537
110
245
122
552
412
586
268
305
913
459
995
503
656
792
576
849
883
902
688
113
189
862
217
278
591
768
207
169
362
312
572
247
101
307
125
762
641
919
273
679
441
210
143
868
107
557
640
262
889
348
342
104
442
855
121
644
637
331
413
983
893
498
737
301
466
370
987
643
988
909
816
353
629
806
531
328
258
700
394
628
203
996
606
488
688
554
477
895
165
953
985
807
468
384
467
221
862
976
385
435
264
315
389
730
454
983
840
465
803
925
112
567
447
694
347
577
269
108
588
511
895
426
231
325
832
393
185
308
130
855
802
667
975
805
228
431
214
993
621
877
931
519
849
647
751
146
609
356
805
796
708
150
659
818
208
314
541
853
445
333
973
389
811
729
198
432
129
300
275
224
695
707
613
583
284
235
953
968
549
332
637
383
723
810
497
549
527
977
746
749
573
506
631
736
123
771
276
524
348
525
276
869
625
736
594
641
922
573
368
240
258
505
505
628
330
848
618
687
949
798
384
345
151
229
956
302
698
477
927
924
973
521
245
718
467
502
994
683
908
899
713
842
221
259
553
332
161
448
440
569
945
785
334
264
257
447
500
701
389
297
700
829
439
882
866
748
446
172
632
560
108
266
418
978
733
971
520
866
796
390
381
125
572
667
794
547
192
200
140
251
119
437
954
398
572
522
820
827
833
926
733
450
947
713
828
696
274
800
259
459
931
661
608
952
804
999
797
817
944
831
922
574
364
748
135
347
658
966
269
416
380
989
505
553
621
206
988
889
733
939
685
223
630
983
861
586
528
773
270
359
701
914
896
301
525
907
632
622
958
221
159
889
996
976
335
206
562
155
381
439
833
754
659
957
981
222
792
144
289
626
571
964
867
675
205
871
526
305
212
644
545
577
976
255
813
811
776
345
518
541
491
459
379
375
341
569
684
163
298
704
269
852
525
309
834
171
337
298
478
906
593
400
869
364
666
451
422
559
784
273
813
568
918
753
178
425
942
860
206
221
229
684
896
474
483
909
245
281
960
917
461
558
528
496
271
975
905
363
427
766
954
462
782
883
182
186
442
565
639
782
605
374
227
210
685
209
227
829
818
203
431
452
323
814
756
408
619
650
339
797
828
530
615
401
927
120
256
336
736
909
380
706
911
760
635
447
484
947
658
488
663
947
188
927
341
116
274
693
613
972
277
563
826
627
399
846
718
889
950
580
267
663
817
369
709
916
809
992
978
671
879
275
458
302
865
422
151
979
934
298
304
935
144
863
993
451
297
152
228
131
682
527
352
947
721
570
656
337
177
455
606
745
748
550
469
792
533
496
496
552
135
336
814
749
883
791
879
980
826
256
166
633
747
435
818
507
180
454
138
801
555
746
780
445
938
292
273
252
380
855
392
173
366
203
757
791
190
133
223
153
729
865
226
865
897
322
813
597
520
448
340
530
588
188
233
796
964
565
130
652
150
210
656
689
639
262
835
548
677
687
810
855
596
168
717
301
956
162
634
188
259
369
794
921
546
600
157
461
471
810
116
426
527
309
303
232
809
165
266
178
172
379
678
776
105
696
819
874
885
373
184
525
553
260
383
406
191
156
758
785
831
799
395
923
736
604
109
222
289
813
852
679
559
300
567
694
444
106
100
448
910
637
308
846
808
118
525
233
238
403
286
394
147
179
995
342
971
271
843
592
523
322
611
380
831
881
420
201
618
769
804
259
577
328
961
281
374
170
823
673
263
604
249
442
692
826
336
141
414
547
660
525
278
295
968
789
510
308
737
667
947
214
482
418
613
404
455
913
583
993
240
303
683
261
606
672
122
642
617
990
660
342
673
394
951
705
451
705
166
904
166
910
771
845
216
798
858
711
283
923
805
910
130
371
180
749
569
465
144
588
484
142
493
485
369
209
602
471
292
186
646
453
597
725
369
457
424
623
648
604
368
186
334
310
159
969
432
912
607
400
299
842
571
157
265
236
668
744
390
202
143
694
718
270
855
552
546
182
412
637
539
634
955
222
714
769
128
545
237
705
415
525
711
284
884
723
629
991
431
439
904
733
931
238
167
129
194
876
805
169
802
587
620
695
167
835
291
706
570
494
825
334
950
320
543
986
321
939
923
947
290
100
728
281
950
841
755
985
229
228
331
298
967
930
905
742
645
154
887
145
427
561
287
566
263
713
408
846
619
670
657
394
191
225
253
737
830
513
688
738
777
872
416
540
991
751
436
211
620
466
678
848
736
374
415
585
598
265
514
695
690
832
902
557
616
761
792
930
385
836
385
772
981
977
536
695
859
107
256
914
420
943
421
764
781
305
386
483
916
880
392
763
842
949
682
788
153
364
417
135
301
219
526
767
153
802
478
621
612
141
281
354
682
594
944
447
181
157
938
752
848
952
511
722
239
768
217
744
397
867
867
997
999
758
523
519
998
687
671
143
821
351
519
829
725
561
183
701
934
675
597
428
243
539
639
521
813
167
423
695
860
905
819
892
788
809
996
312
588
664
150
803
949
351
263
934
925
126
537
657
135
923
102
559
292
104
575
971
332
188
217
263
407
366
272
215
490
483
913
354
441
854
500
497
456
227
731
641
595
153
419
424
759
753
213
701
247
799
284
965
659
312
249
162
189
471
179
498
658
693
327
721
343
384
457
692
453
983
965
534
915
980
360
453
580
737
890
582
221
817
109
675
776
146
833
610
770
946
296
966
324
615
785
849
670
522
500
785
474
893
524
317
359
617
186
253
884
626
889
523
369
784
720
860
645
516
584
421
699
885
203
703
311
973
278
955
101
292
966
200
449
663
924
118
305
771
426
103
428
989
483
550
812
111
158
961
124
768
538
505
604
676
399
472
665
567
736
785
788
923
627
659
763
798
121
841
169
999
999
956
244
674
994
608
793
243
958
965
495
567
664
780
204
881
649
249
681
732
531
404
272
494
854
109
213
642
408
182
298
916
887
832
188
841
572
569
964
522
754
484
527
917
320
868
795
450
824
492
530
553
429
368
492
378
352
512
621
623
599
174
632
998
279
250
736
425
656
230
618
895
147
432
452
877
532
660
389
454
329
690
921
490
432
870
797
509
665
792
988
192
752
975
712
489
162
610
968
127
254
805
898
774
121
586
726
884
358
419
783
270
128
989
283
514
842
480
101
413
660
902
734
402
274
586
229
838
670
169
104
219
446
579
745
307
975
613
769
587
912
247
825
137
965
553
990
467
213
959
839
809
786
238
314
741
829
331
756
303
688
495
628
733
193
637
826
751
338
238
273
531
185
543
121
607
119
950
311
475
536
968
873
554
855
935
394
137
525
443
452
343
619
983
563
177
449
401
513
333
753
564
437
707
177
467
494
428
763
418
502
271
359
289
443
447
294
701
449
686
354
672
645
151
737
893
891
818
712
404
423
590
825
828
887
702
181
410
609
905
104
668
763
891
290
160
261
900
184
377
806
247
704
955
304
493
471
402
954
849
321
627
320
992
386
533
909
695
251
458
376
800
931
158
194
926
390
607
964
813
353
755
623
953
380
805
476
396
276
330
425
422
448
196
574
829
243
841
669
939
305
262
699
576
300
552
231
890
533
144
656
938
368
106
766
648
197
448
914
968
669
364
701
813
841
329
635
593
741
900
701
218
402
566
268
454
998
455
149
693
869
621
904
836
678
667
748
984
831
801
677
542
414
133
996
410
264
164
567
926
784
803
326
375
582
866
598
624
622
930
722
688
313
196
668
214
603
893
654
144
794
533
665
328
970
312
487
980
278
343
185
250
448
534
592
703
661
450
834
185
244
106
888
270
709
195
204
369
870
273
938
529
362
422
819
557
942
230
602
552
321
793
365
832
648
348
251
527
635
714
594
565
711
583
573
305
445
944
741
108
512
294
285
271
283
746
926
386
230
958
340
434
535
337
200
364
476
601
299
697
161
698
798
380
644
612
219
687
294
154
267
515
848
281
438
402
882
919
875
765
949
453
107
749
435
833
981
883
178
934
388
997
217
458
389
527
635
418
275
657
522
764
113
270
127
393
627
510
598
907
809
405
488
586
630
907
133
160
372
268
720
599
446
909
457
306
163
457
731
768
997
135
367
600
675
933
809
723
331
146
374
441
505
686
491
566
768
334
598
854
818
255
543
635
329
259
812
738
853
343
109
574
937
204
268
473
453
293
410
771
278
215
976
472
777
408
777
397
779
495
624
290
627
941
654
251
976
260
898
723
998
723
553
418
563
278
337
403
169
645
233
520
239
421
908
602
460
460
779
194
917
926
429
277
698
88
865
668
602
986
141
99
728
183
587
670
479
266
545
323
655
778
197
296
914
207
578
403
296
500
574
323
997
937
177
635
358
515
497
455
322
787
201
538
714
988
203
918
907
977
922
569
968
771
333
616
362
219
422
499
840
825
619
720
216
878
119
526
449
864
551
926
975
616
187
716
864
115
283
529
605
598
630
736
749
157
842
260
651
106
724
693
324
312
195
407
727
139
420
460
453
743
384
108
745
146
893
719
836
106
772
700
227
456
488
386
521
586
172
153
273
428
355
194
177
428
653
939
964
807
943
218
963
432
984
685
594
488
586
108
983
172
236
342
684
300
146
345
533
528
535
498
346
409
384
326
583
485
489
656
159
592
476
171
822
180
963
359
741
748
935
821
945
609
664
784
156
465
620
419
117
382
783
971
736
472
514
857
241
195
863
747
690
932
201
701
716
273
793
393
515
196
608
650
973
825
661
105
380
401
255
486
713
548
220
149
222
314
197
699
661
918
423
379
611
931
891
767
143
733
814
724
734
472
903
401
905
772
501
517
623
842
610
331
745
226
742
600
700
342
395
168
953
435
140
521
377
830
757
613
548
579
810
386
108
150
703
377
335
979
729
293
629
768
490
110
720
937
477
454
139
609
209
259
918
376
620
739
380
193
388
130
347
267
453
495
725
447
642
986
459
273
862
380
183
452
275
983
927
335
429
649
518
583
526
734
880
987
574
624
521
600
887
508
607
897
727
137
407
718
308
719
767
829
890
602
507
810
676
658
770
166
286
341
993
687
303
719
602
771
594
898
427
890
479
429
882
341
456
779
364
945
323
726
785
649
939
908
903
746
269
383
289
233
137
737
941
926
655
876
409
344
460
537
278
720
395
750
186
596
528
582
495
849
672
889
491
660
276
666
975
975
312
549
516
624
884
965
892
912
800
567
850
910
949
505
114
909
817
907
420
352
107
868
405
606
437
545
111
203
672
790
169
754
386
754
666
547
136
298
113
352
262
765
754
485
455
479
856
818
485
372
415
439
594
569
360
923
382
762
805
580
657
114
887
758
125
116
780
122
985
615
321
959
666
542
472
462
291
979
311
407
884
201
645
140
291
703
758
545
426
820
883
853
189
558
332
476
865
257
142
846
112
929
137
649
183
246
